{
 "cells": [
  {
   "cell_type": "code",
   "execution_count": 1,
   "id": "95f83427-f82b-4fc2-8851-6d52abdc55a7",
   "metadata": {},
   "outputs": [],
   "source": [
    "import numpy as np\n",
    "import pandas as pd\n",
    "from sklearn.decomposition import PCA\n",
    "from sklearn.preprocessing import StandardScaler\n",
    "from sklearn.feature_selection import VarianceThreshold"
   ]
  },
  {
   "cell_type": "code",
   "execution_count": 2,
   "id": "eacf59f7-90ae-4a88-a315-7d5a8640860b",
   "metadata": {},
   "outputs": [
    {
     "data": {
      "text/html": [
       "<div>\n",
       "<style scoped>\n",
       "    .dataframe tbody tr th:only-of-type {\n",
       "        vertical-align: middle;\n",
       "    }\n",
       "\n",
       "    .dataframe tbody tr th {\n",
       "        vertical-align: top;\n",
       "    }\n",
       "\n",
       "    .dataframe thead th {\n",
       "        text-align: right;\n",
       "    }\n",
       "</style>\n",
       "<table border=\"1\" class=\"dataframe\">\n",
       "  <thead>\n",
       "    <tr style=\"text-align: right;\">\n",
       "      <th></th>\n",
       "      <th>Date</th>\n",
       "      <th>Open</th>\n",
       "      <th>High</th>\n",
       "      <th>Low</th>\n",
       "      <th>Close</th>\n",
       "      <th>Adj Close</th>\n",
       "      <th>Volume</th>\n",
       "      <th>obv</th>\n",
       "      <th>ma6</th>\n",
       "      <th>ma10</th>\n",
       "      <th>rsi6</th>\n",
       "      <th>rsi10</th>\n",
       "      <th>macd</th>\n",
       "      <th>dif</th>\n",
       "      <th>atr10</th>\n",
       "      <th>atr20</th>\n",
       "      <th>bias6</th>\n",
       "      <th>bias10</th>\n",
       "      <th>tapi</th>\n",
       "    </tr>\n",
       "  </thead>\n",
       "  <tbody>\n",
       "    <tr>\n",
       "      <th>0</th>\n",
       "      <td>2016-11-17</td>\n",
       "      <td>101.239998</td>\n",
       "      <td>102.849998</td>\n",
       "      <td>101.190002</td>\n",
       "      <td>102.559998</td>\n",
       "      <td>97.645622</td>\n",
       "      <td>1344700</td>\n",
       "      <td>1344700</td>\n",
       "      <td>NaN</td>\n",
       "      <td>NaN</td>\n",
       "      <td>NaN</td>\n",
       "      <td>NaN</td>\n",
       "      <td>NaN</td>\n",
       "      <td>NaN</td>\n",
       "      <td>0.000000</td>\n",
       "      <td>0.000000</td>\n",
       "      <td>NaN</td>\n",
       "      <td>NaN</td>\n",
       "      <td>13111.349710</td>\n",
       "    </tr>\n",
       "    <tr>\n",
       "      <th>1</th>\n",
       "      <td>2016-11-18</td>\n",
       "      <td>103.580002</td>\n",
       "      <td>104.750000</td>\n",
       "      <td>103.379997</td>\n",
       "      <td>104.589996</td>\n",
       "      <td>99.578346</td>\n",
       "      <td>1914300</td>\n",
       "      <td>3259000</td>\n",
       "      <td>NaN</td>\n",
       "      <td>NaN</td>\n",
       "      <td>NaN</td>\n",
       "      <td>NaN</td>\n",
       "      <td>NaN</td>\n",
       "      <td>NaN</td>\n",
       "      <td>0.000000</td>\n",
       "      <td>0.000000</td>\n",
       "      <td>NaN</td>\n",
       "      <td>NaN</td>\n",
       "      <td>18302.897726</td>\n",
       "    </tr>\n",
       "    <tr>\n",
       "      <th>2</th>\n",
       "      <td>2016-11-21</td>\n",
       "      <td>104.089996</td>\n",
       "      <td>105.110001</td>\n",
       "      <td>104.019997</td>\n",
       "      <td>105.089996</td>\n",
       "      <td>100.054390</td>\n",
       "      <td>1408200</td>\n",
       "      <td>4667200</td>\n",
       "      <td>NaN</td>\n",
       "      <td>NaN</td>\n",
       "      <td>NaN</td>\n",
       "      <td>NaN</td>\n",
       "      <td>NaN</td>\n",
       "      <td>NaN</td>\n",
       "      <td>0.000000</td>\n",
       "      <td>0.000000</td>\n",
       "      <td>NaN</td>\n",
       "      <td>NaN</td>\n",
       "      <td>13399.943416</td>\n",
       "    </tr>\n",
       "    <tr>\n",
       "      <th>3</th>\n",
       "      <td>2016-11-22</td>\n",
       "      <td>105.449997</td>\n",
       "      <td>105.610001</td>\n",
       "      <td>104.800003</td>\n",
       "      <td>105.320000</td>\n",
       "      <td>100.273384</td>\n",
       "      <td>876300</td>\n",
       "      <td>5543500</td>\n",
       "      <td>NaN</td>\n",
       "      <td>NaN</td>\n",
       "      <td>NaN</td>\n",
       "      <td>NaN</td>\n",
       "      <td>NaN</td>\n",
       "      <td>NaN</td>\n",
       "      <td>0.000000</td>\n",
       "      <td>0.000000</td>\n",
       "      <td>NaN</td>\n",
       "      <td>NaN</td>\n",
       "      <td>8320.357007</td>\n",
       "    </tr>\n",
       "    <tr>\n",
       "      <th>4</th>\n",
       "      <td>2016-11-23</td>\n",
       "      <td>104.480003</td>\n",
       "      <td>105.349998</td>\n",
       "      <td>104.250000</td>\n",
       "      <td>105.099998</td>\n",
       "      <td>100.063911</td>\n",
       "      <td>432300</td>\n",
       "      <td>5111200</td>\n",
       "      <td>NaN</td>\n",
       "      <td>NaN</td>\n",
       "      <td>NaN</td>\n",
       "      <td>NaN</td>\n",
       "      <td>NaN</td>\n",
       "      <td>NaN</td>\n",
       "      <td>0.000000</td>\n",
       "      <td>0.000000</td>\n",
       "      <td>NaN</td>\n",
       "      <td>NaN</td>\n",
       "      <td>4113.225578</td>\n",
       "    </tr>\n",
       "    <tr>\n",
       "      <th>...</th>\n",
       "      <td>...</td>\n",
       "      <td>...</td>\n",
       "      <td>...</td>\n",
       "      <td>...</td>\n",
       "      <td>...</td>\n",
       "      <td>...</td>\n",
       "      <td>...</td>\n",
       "      <td>...</td>\n",
       "      <td>...</td>\n",
       "      <td>...</td>\n",
       "      <td>...</td>\n",
       "      <td>...</td>\n",
       "      <td>...</td>\n",
       "      <td>...</td>\n",
       "      <td>...</td>\n",
       "      <td>...</td>\n",
       "      <td>...</td>\n",
       "      <td>...</td>\n",
       "      <td>...</td>\n",
       "    </tr>\n",
       "    <tr>\n",
       "      <th>1253</th>\n",
       "      <td>2021-11-10</td>\n",
       "      <td>829.609985</td>\n",
       "      <td>835.440002</td>\n",
       "      <td>815.109985</td>\n",
       "      <td>817.849976</td>\n",
       "      <td>817.849976</td>\n",
       "      <td>737700</td>\n",
       "      <td>86884600</td>\n",
       "      <td>840.889994</td>\n",
       "      <td>829.088001</td>\n",
       "      <td>43.364854</td>\n",
       "      <td>51.307540</td>\n",
       "      <td>14.121893</td>\n",
       "      <td>4.518819</td>\n",
       "      <td>19.559911</td>\n",
       "      <td>20.038150</td>\n",
       "      <td>-3.840003</td>\n",
       "      <td>-1.123802</td>\n",
       "      <td>901.999171</td>\n",
       "    </tr>\n",
       "    <tr>\n",
       "      <th>1254</th>\n",
       "      <td>2021-11-11</td>\n",
       "      <td>833.270020</td>\n",
       "      <td>839.039978</td>\n",
       "      <td>829.200012</td>\n",
       "      <td>833.390015</td>\n",
       "      <td>833.390015</td>\n",
       "      <td>416000</td>\n",
       "      <td>87300600</td>\n",
       "      <td>841.451660</td>\n",
       "      <td>831.108002</td>\n",
       "      <td>55.059322</td>\n",
       "      <td>57.428905</td>\n",
       "      <td>13.815968</td>\n",
       "      <td>3.370316</td>\n",
       "      <td>19.722920</td>\n",
       "      <td>20.095742</td>\n",
       "      <td>-1.343608</td>\n",
       "      <td>0.228201</td>\n",
       "      <td>499.166048</td>\n",
       "    </tr>\n",
       "    <tr>\n",
       "      <th>1255</th>\n",
       "      <td>2021-11-12</td>\n",
       "      <td>840.000000</td>\n",
       "      <td>855.000000</td>\n",
       "      <td>835.099976</td>\n",
       "      <td>851.630005</td>\n",
       "      <td>851.630005</td>\n",
       "      <td>531200</td>\n",
       "      <td>87831800</td>\n",
       "      <td>841.641663</td>\n",
       "      <td>834.983002</td>\n",
       "      <td>65.184828</td>\n",
       "      <td>63.425384</td>\n",
       "      <td>14.873879</td>\n",
       "      <td>3.542582</td>\n",
       "      <td>19.911627</td>\n",
       "      <td>20.171455</td>\n",
       "      <td>1.664724</td>\n",
       "      <td>1.664700</td>\n",
       "      <td>623.745050</td>\n",
       "    </tr>\n",
       "    <tr>\n",
       "      <th>1256</th>\n",
       "      <td>2021-11-15</td>\n",
       "      <td>855.000000</td>\n",
       "      <td>861.599976</td>\n",
       "      <td>852.989990</td>\n",
       "      <td>856.719971</td>\n",
       "      <td>856.719971</td>\n",
       "      <td>638000</td>\n",
       "      <td>88469800</td>\n",
       "      <td>843.261658</td>\n",
       "      <td>839.909998</td>\n",
       "      <td>67.627289</td>\n",
       "      <td>64.955921</td>\n",
       "      <td>15.939261</td>\n",
       "      <td>3.686371</td>\n",
       "      <td>18.917461</td>\n",
       "      <td>19.661380</td>\n",
       "      <td>2.243052</td>\n",
       "      <td>1.680997</td>\n",
       "      <td>744.700744</td>\n",
       "    </tr>\n",
       "    <tr>\n",
       "      <th>1257</th>\n",
       "      <td>2021-11-16</td>\n",
       "      <td>851.520020</td>\n",
       "      <td>862.609985</td>\n",
       "      <td>847.239990</td>\n",
       "      <td>860.549988</td>\n",
       "      <td>860.549988</td>\n",
       "      <td>690000</td>\n",
       "      <td>89159800</td>\n",
       "      <td>845.031657</td>\n",
       "      <td>844.762995</td>\n",
       "      <td>69.555836</td>\n",
       "      <td>66.140563</td>\n",
       "      <td>16.897846</td>\n",
       "      <td>3.715965</td>\n",
       "      <td>18.562715</td>\n",
       "      <td>19.446811</td>\n",
       "      <td>2.586388</td>\n",
       "      <td>1.578699</td>\n",
       "      <td>801.812805</td>\n",
       "    </tr>\n",
       "  </tbody>\n",
       "</table>\n",
       "<p>1258 rows × 19 columns</p>\n",
       "</div>"
      ],
      "text/plain": [
       "            Date        Open        High         Low       Close   Adj Close  \\\n",
       "0     2016-11-17  101.239998  102.849998  101.190002  102.559998   97.645622   \n",
       "1     2016-11-18  103.580002  104.750000  103.379997  104.589996   99.578346   \n",
       "2     2016-11-21  104.089996  105.110001  104.019997  105.089996  100.054390   \n",
       "3     2016-11-22  105.449997  105.610001  104.800003  105.320000  100.273384   \n",
       "4     2016-11-23  104.480003  105.349998  104.250000  105.099998  100.063911   \n",
       "...          ...         ...         ...         ...         ...         ...   \n",
       "1253  2021-11-10  829.609985  835.440002  815.109985  817.849976  817.849976   \n",
       "1254  2021-11-11  833.270020  839.039978  829.200012  833.390015  833.390015   \n",
       "1255  2021-11-12  840.000000  855.000000  835.099976  851.630005  851.630005   \n",
       "1256  2021-11-15  855.000000  861.599976  852.989990  856.719971  856.719971   \n",
       "1257  2021-11-16  851.520020  862.609985  847.239990  860.549988  860.549988   \n",
       "\n",
       "       Volume       obv         ma6        ma10       rsi6      rsi10  \\\n",
       "0     1344700   1344700         NaN         NaN        NaN        NaN   \n",
       "1     1914300   3259000         NaN         NaN        NaN        NaN   \n",
       "2     1408200   4667200         NaN         NaN        NaN        NaN   \n",
       "3      876300   5543500         NaN         NaN        NaN        NaN   \n",
       "4      432300   5111200         NaN         NaN        NaN        NaN   \n",
       "...       ...       ...         ...         ...        ...        ...   \n",
       "1253   737700  86884600  840.889994  829.088001  43.364854  51.307540   \n",
       "1254   416000  87300600  841.451660  831.108002  55.059322  57.428905   \n",
       "1255   531200  87831800  841.641663  834.983002  65.184828  63.425384   \n",
       "1256   638000  88469800  843.261658  839.909998  67.627289  64.955921   \n",
       "1257   690000  89159800  845.031657  844.762995  69.555836  66.140563   \n",
       "\n",
       "           macd       dif      atr10      atr20     bias6    bias10  \\\n",
       "0           NaN       NaN   0.000000   0.000000       NaN       NaN   \n",
       "1           NaN       NaN   0.000000   0.000000       NaN       NaN   \n",
       "2           NaN       NaN   0.000000   0.000000       NaN       NaN   \n",
       "3           NaN       NaN   0.000000   0.000000       NaN       NaN   \n",
       "4           NaN       NaN   0.000000   0.000000       NaN       NaN   \n",
       "...         ...       ...        ...        ...       ...       ...   \n",
       "1253  14.121893  4.518819  19.559911  20.038150 -3.840003 -1.123802   \n",
       "1254  13.815968  3.370316  19.722920  20.095742 -1.343608  0.228201   \n",
       "1255  14.873879  3.542582  19.911627  20.171455  1.664724  1.664700   \n",
       "1256  15.939261  3.686371  18.917461  19.661380  2.243052  1.680997   \n",
       "1257  16.897846  3.715965  18.562715  19.446811  2.586388  1.578699   \n",
       "\n",
       "              tapi  \n",
       "0     13111.349710  \n",
       "1     18302.897726  \n",
       "2     13399.943416  \n",
       "3      8320.357007  \n",
       "4      4113.225578  \n",
       "...            ...  \n",
       "1253    901.999171  \n",
       "1254    499.166048  \n",
       "1255    623.745050  \n",
       "1256    744.700744  \n",
       "1257    801.812805  \n",
       "\n",
       "[1258 rows x 19 columns]"
      ]
     },
     "execution_count": 2,
     "metadata": {},
     "output_type": "execute_result"
    }
   ],
   "source": [
    "df = pd.read_csv(\"data/ASML_v1.csv\", index_col=0)\n",
    "df"
   ]
  },
  {
   "cell_type": "code",
   "execution_count": 3,
   "id": "0c2ec129-5969-40bc-b088-dbf882fb3e05",
   "metadata": {},
   "outputs": [
    {
     "data": {
      "text/plain": [
       "array([[1.01239998e+02, 1.02849998e+02, 1.01190002e+02, ...,\n",
       "                   nan,            nan, 1.31113497e+04],\n",
       "       [1.03580002e+02, 1.04750000e+02, 1.03379997e+02, ...,\n",
       "                   nan,            nan, 1.83028977e+04],\n",
       "       [1.04089996e+02, 1.05110001e+02, 1.04019997e+02, ...,\n",
       "                   nan,            nan, 1.33999434e+04],\n",
       "       ...,\n",
       "       [8.40000000e+02, 8.55000000e+02, 8.35099976e+02, ...,\n",
       "        1.66472369e+00, 1.66470031e+00, 6.23745050e+02],\n",
       "       [8.55000000e+02, 8.61599976e+02, 8.52989990e+02, ...,\n",
       "        2.24305217e+00, 1.68099732e+00, 7.44700744e+02],\n",
       "       [8.51520020e+02, 8.62609985e+02, 8.47239990e+02, ...,\n",
       "        2.58638847e+00, 1.57869934e+00, 8.01812805e+02]])"
      ]
     },
     "execution_count": 3,
     "metadata": {},
     "output_type": "execute_result"
    }
   ],
   "source": [
    "sel = VarianceThreshold(0)\n",
    "sel.fit_transform(df.drop([\"Date\"],axis=1))"
   ]
  },
  {
   "cell_type": "code",
   "execution_count": 4,
   "id": "2a4c1060-2bf4-46ba-8bb0-2068226a0728",
   "metadata": {},
   "outputs": [],
   "source": [
    "df.dropna(inplace=True)"
   ]
  },
  {
   "cell_type": "code",
   "execution_count": 5,
   "id": "0663c98f-2cc1-4cf5-a8a5-dcb856d053ec",
   "metadata": {},
   "outputs": [],
   "source": [
    "scaler = StandardScaler()\n",
    "scaler.fit(df.drop([\"Date\"],axis=1))\n",
    "X=scaler.transform(df.drop([\"Date\"],axis=1))"
   ]
  },
  {
   "cell_type": "code",
   "execution_count": 6,
   "id": "17db34d4-4f88-40f9-8837-0066348bdc64",
   "metadata": {},
   "outputs": [],
   "source": [
    "model = PCA(n_components=18).fit(X)\n",
    "X_pc = model.transform(X)\n",
    "\n",
    "n_pcs= model.components_.shape[0]\n",
    "\n",
    "initial_feature_names = list(df.columns)\n",
    "initial_feature_names.remove('Date')"
   ]
  },
  {
   "cell_type": "code",
   "execution_count": 19,
   "id": "c07d7caa-6b48-44be-aee4-8669962d45af",
   "metadata": {},
   "outputs": [],
   "source": [
    "# Rank the lists withn each pc\n",
    "\n",
    "feat_rank = [np.abs(model.components_[i]).argsort() for i in range(n_pcs)]\n",
    "dic_rank = {'PC{}'.format(i): [initial_feature_names[feat_rank[i][j]] for j in range(len(initial_feature_names))][::-1] for i in range(n_pcs)}"
   ]
  },
  {
   "cell_type": "code",
   "execution_count": 77,
   "id": "c38d12ee-74c2-43bd-b8c7-bd4fcfe73f2a",
   "metadata": {},
   "outputs": [],
   "source": [
    "most_important = [np.abs(model.components_[i]).argmax() for i in range(n_pcs)]\n",
    "most_important_names = [initial_feature_names[most_important[i]] for i in range(n_pcs)]\n",
    "dic = {'PC{}'.format(i): most_important_names[i] for i in range(n_pcs)}\n"
   ]
  },
  {
   "cell_type": "code",
   "execution_count": 78,
   "id": "fcf2cc5d-6f33-4dfb-9294-b6feaa73e20d",
   "metadata": {},
   "outputs": [
    {
     "data": {
      "text/plain": [
       "['Adj Close',\n",
       " 'rsi6',\n",
       " 'Volume',\n",
       " 'macd',\n",
       " 'dif',\n",
       " 'bias6',\n",
       " 'obv',\n",
       " 'atr10',\n",
       " 'tapi',\n",
       " 'bias10',\n",
       " 'rsi10',\n",
       " 'atr20',\n",
       " 'Open',\n",
       " 'Low',\n",
       " 'High',\n",
       " 'Adj Close',\n",
       " 'Close',\n",
       " 'ma10']"
      ]
     },
     "execution_count": 78,
     "metadata": {},
     "output_type": "execute_result"
    }
   ],
   "source": [
    "most_important_names"
   ]
  },
  {
   "cell_type": "code",
   "execution_count": 86,
   "id": "895e239a-5795-4817-97ea-9615c06fe71c",
   "metadata": {},
   "outputs": [],
   "source": [
    "most_important_names = list(dict.fromkeys(most_important_names))"
   ]
  },
  {
   "cell_type": "markdown",
   "id": "bce6d701-2f28-44be-9bab-6a17942884a2",
   "metadata": {},
   "source": [
    "## Featue correlation distance"
   ]
  },
  {
   "cell_type": "code",
   "execution_count": 38,
   "id": "201c7028-ba67-4c43-9eec-87a4aa243ac3",
   "metadata": {},
   "outputs": [],
   "source": [
    "corr_matrix = df.corr(method ='kendall')"
   ]
  },
  {
   "cell_type": "code",
   "execution_count": 39,
   "id": "7a591d8c-e567-4de7-acd2-affcf45d9e03",
   "metadata": {},
   "outputs": [
    {
     "data": {
      "text/html": [
       "<div>\n",
       "<style scoped>\n",
       "    .dataframe tbody tr th:only-of-type {\n",
       "        vertical-align: middle;\n",
       "    }\n",
       "\n",
       "    .dataframe tbody tr th {\n",
       "        vertical-align: top;\n",
       "    }\n",
       "\n",
       "    .dataframe thead th {\n",
       "        text-align: right;\n",
       "    }\n",
       "</style>\n",
       "<table border=\"1\" class=\"dataframe\">\n",
       "  <thead>\n",
       "    <tr style=\"text-align: right;\">\n",
       "      <th></th>\n",
       "      <th>Open</th>\n",
       "      <th>High</th>\n",
       "      <th>Low</th>\n",
       "      <th>Close</th>\n",
       "      <th>Adj Close</th>\n",
       "      <th>Volume</th>\n",
       "      <th>obv</th>\n",
       "      <th>ma6</th>\n",
       "      <th>ma10</th>\n",
       "      <th>rsi6</th>\n",
       "      <th>rsi10</th>\n",
       "      <th>macd</th>\n",
       "      <th>dif</th>\n",
       "      <th>atr10</th>\n",
       "      <th>atr20</th>\n",
       "      <th>bias6</th>\n",
       "      <th>bias10</th>\n",
       "      <th>tapi</th>\n",
       "    </tr>\n",
       "  </thead>\n",
       "  <tbody>\n",
       "    <tr>\n",
       "      <th>Open</th>\n",
       "      <td>1.000000</td>\n",
       "      <td>0.986662</td>\n",
       "      <td>0.984108</td>\n",
       "      <td>0.976774</td>\n",
       "      <td>0.975138</td>\n",
       "      <td>-0.022540</td>\n",
       "      <td>0.887958</td>\n",
       "      <td>0.962956</td>\n",
       "      <td>0.948642</td>\n",
       "      <td>0.084054</td>\n",
       "      <td>0.095483</td>\n",
       "      <td>0.367430</td>\n",
       "      <td>0.072808</td>\n",
       "      <td>0.677066</td>\n",
       "      <td>0.683730</td>\n",
       "      <td>0.148325</td>\n",
       "      <td>0.198772</td>\n",
       "      <td>-0.567929</td>\n",
       "    </tr>\n",
       "    <tr>\n",
       "      <th>High</th>\n",
       "      <td>0.986662</td>\n",
       "      <td>1.000000</td>\n",
       "      <td>0.983541</td>\n",
       "      <td>0.985054</td>\n",
       "      <td>0.982393</td>\n",
       "      <td>-0.018933</td>\n",
       "      <td>0.890055</td>\n",
       "      <td>0.963058</td>\n",
       "      <td>0.949097</td>\n",
       "      <td>0.086285</td>\n",
       "      <td>0.096833</td>\n",
       "      <td>0.365805</td>\n",
       "      <td>0.072731</td>\n",
       "      <td>0.681197</td>\n",
       "      <td>0.687400</td>\n",
       "      <td>0.152141</td>\n",
       "      <td>0.201532</td>\n",
       "      <td>-0.564473</td>\n",
       "    </tr>\n",
       "    <tr>\n",
       "      <th>Low</th>\n",
       "      <td>0.984108</td>\n",
       "      <td>0.983541</td>\n",
       "      <td>1.000000</td>\n",
       "      <td>0.986561</td>\n",
       "      <td>0.983340</td>\n",
       "      <td>-0.028305</td>\n",
       "      <td>0.889612</td>\n",
       "      <td>0.958016</td>\n",
       "      <td>0.944156</td>\n",
       "      <td>0.092506</td>\n",
       "      <td>0.103409</td>\n",
       "      <td>0.369372</td>\n",
       "      <td>0.076810</td>\n",
       "      <td>0.671428</td>\n",
       "      <td>0.679202</td>\n",
       "      <td>0.157434</td>\n",
       "      <td>0.206905</td>\n",
       "      <td>-0.573856</td>\n",
       "    </tr>\n",
       "    <tr>\n",
       "      <th>Close</th>\n",
       "      <td>0.976774</td>\n",
       "      <td>0.985054</td>\n",
       "      <td>0.986561</td>\n",
       "      <td>1.000000</td>\n",
       "      <td>0.992809</td>\n",
       "      <td>-0.024198</td>\n",
       "      <td>0.890942</td>\n",
       "      <td>0.957697</td>\n",
       "      <td>0.944226</td>\n",
       "      <td>0.094253</td>\n",
       "      <td>0.104209</td>\n",
       "      <td>0.367235</td>\n",
       "      <td>0.076147</td>\n",
       "      <td>0.675821</td>\n",
       "      <td>0.682957</td>\n",
       "      <td>0.160374</td>\n",
       "      <td>0.208899</td>\n",
       "      <td>-0.569827</td>\n",
       "    </tr>\n",
       "    <tr>\n",
       "      <th>Adj Close</th>\n",
       "      <td>0.975138</td>\n",
       "      <td>0.982393</td>\n",
       "      <td>0.983340</td>\n",
       "      <td>0.992809</td>\n",
       "      <td>1.000000</td>\n",
       "      <td>-0.025649</td>\n",
       "      <td>0.887018</td>\n",
       "      <td>0.958131</td>\n",
       "      <td>0.945456</td>\n",
       "      <td>0.091838</td>\n",
       "      <td>0.101404</td>\n",
       "      <td>0.364437</td>\n",
       "      <td>0.074908</td>\n",
       "      <td>0.675722</td>\n",
       "      <td>0.683029</td>\n",
       "      <td>0.158785</td>\n",
       "      <td>0.206781</td>\n",
       "      <td>-0.571228</td>\n",
       "    </tr>\n",
       "    <tr>\n",
       "      <th>Volume</th>\n",
       "      <td>-0.022540</td>\n",
       "      <td>-0.018933</td>\n",
       "      <td>-0.028305</td>\n",
       "      <td>-0.024198</td>\n",
       "      <td>-0.025649</td>\n",
       "      <td>1.000000</td>\n",
       "      <td>-0.004095</td>\n",
       "      <td>-0.018518</td>\n",
       "      <td>-0.015315</td>\n",
       "      <td>-0.080726</td>\n",
       "      <td>-0.104641</td>\n",
       "      <td>-0.104356</td>\n",
       "      <td>-0.034922</td>\n",
       "      <td>0.135816</td>\n",
       "      <td>0.108436</td>\n",
       "      <td>-0.044617</td>\n",
       "      <td>-0.050657</td>\n",
       "      <td>0.454405</td>\n",
       "    </tr>\n",
       "    <tr>\n",
       "      <th>obv</th>\n",
       "      <td>0.887958</td>\n",
       "      <td>0.890055</td>\n",
       "      <td>0.889612</td>\n",
       "      <td>0.890942</td>\n",
       "      <td>0.887018</td>\n",
       "      <td>-0.004095</td>\n",
       "      <td>1.000000</td>\n",
       "      <td>0.883741</td>\n",
       "      <td>0.880150</td>\n",
       "      <td>0.080004</td>\n",
       "      <td>0.086868</td>\n",
       "      <td>0.347804</td>\n",
       "      <td>0.066773</td>\n",
       "      <td>0.695055</td>\n",
       "      <td>0.705416</td>\n",
       "      <td>0.150306</td>\n",
       "      <td>0.195780</td>\n",
       "      <td>-0.542610</td>\n",
       "    </tr>\n",
       "    <tr>\n",
       "      <th>ma6</th>\n",
       "      <td>0.962956</td>\n",
       "      <td>0.963058</td>\n",
       "      <td>0.958016</td>\n",
       "      <td>0.957697</td>\n",
       "      <td>0.958131</td>\n",
       "      <td>-0.018518</td>\n",
       "      <td>0.883741</td>\n",
       "      <td>1.000000</td>\n",
       "      <td>0.975349</td>\n",
       "      <td>0.058190</td>\n",
       "      <td>0.072641</td>\n",
       "      <td>0.363105</td>\n",
       "      <td>0.052941</td>\n",
       "      <td>0.680403</td>\n",
       "      <td>0.686005</td>\n",
       "      <td>0.118047</td>\n",
       "      <td>0.170292</td>\n",
       "      <td>-0.563303</td>\n",
       "    </tr>\n",
       "    <tr>\n",
       "      <th>ma10</th>\n",
       "      <td>0.948642</td>\n",
       "      <td>0.949097</td>\n",
       "      <td>0.944156</td>\n",
       "      <td>0.944226</td>\n",
       "      <td>0.945456</td>\n",
       "      <td>-0.015315</td>\n",
       "      <td>0.880150</td>\n",
       "      <td>0.975349</td>\n",
       "      <td>1.000000</td>\n",
       "      <td>0.042353</td>\n",
       "      <td>0.056116</td>\n",
       "      <td>0.349664</td>\n",
       "      <td>0.032734</td>\n",
       "      <td>0.686746</td>\n",
       "      <td>0.691788</td>\n",
       "      <td>0.109707</td>\n",
       "      <td>0.153100</td>\n",
       "      <td>-0.559511</td>\n",
       "    </tr>\n",
       "    <tr>\n",
       "      <th>rsi6</th>\n",
       "      <td>0.084054</td>\n",
       "      <td>0.086285</td>\n",
       "      <td>0.092506</td>\n",
       "      <td>0.094253</td>\n",
       "      <td>0.091838</td>\n",
       "      <td>-0.080726</td>\n",
       "      <td>0.080004</td>\n",
       "      <td>0.058190</td>\n",
       "      <td>0.042353</td>\n",
       "      <td>1.000000</td>\n",
       "      <td>0.824535</td>\n",
       "      <td>0.338756</td>\n",
       "      <td>0.501768</td>\n",
       "      <td>-0.038526</td>\n",
       "      <td>-0.024601</td>\n",
       "      <td>0.587285</td>\n",
       "      <td>0.683595</td>\n",
       "      <td>-0.125166</td>\n",
       "    </tr>\n",
       "    <tr>\n",
       "      <th>rsi10</th>\n",
       "      <td>0.095483</td>\n",
       "      <td>0.096833</td>\n",
       "      <td>0.103409</td>\n",
       "      <td>0.104209</td>\n",
       "      <td>0.101404</td>\n",
       "      <td>-0.104641</td>\n",
       "      <td>0.086868</td>\n",
       "      <td>0.072641</td>\n",
       "      <td>0.056116</td>\n",
       "      <td>0.824535</td>\n",
       "      <td>1.000000</td>\n",
       "      <td>0.464884</td>\n",
       "      <td>0.467020</td>\n",
       "      <td>-0.068338</td>\n",
       "      <td>-0.055218</td>\n",
       "      <td>0.467490</td>\n",
       "      <td>0.581562</td>\n",
       "      <td>-0.147210</td>\n",
       "    </tr>\n",
       "    <tr>\n",
       "      <th>macd</th>\n",
       "      <td>0.367430</td>\n",
       "      <td>0.365805</td>\n",
       "      <td>0.369372</td>\n",
       "      <td>0.367235</td>\n",
       "      <td>0.364437</td>\n",
       "      <td>-0.104356</td>\n",
       "      <td>0.347804</td>\n",
       "      <td>0.363105</td>\n",
       "      <td>0.349664</td>\n",
       "      <td>0.338756</td>\n",
       "      <td>0.464884</td>\n",
       "      <td>1.000000</td>\n",
       "      <td>0.240691</td>\n",
       "      <td>0.163818</td>\n",
       "      <td>0.166891</td>\n",
       "      <td>0.168830</td>\n",
       "      <td>0.285970</td>\n",
       "      <td>-0.337404</td>\n",
       "    </tr>\n",
       "    <tr>\n",
       "      <th>dif</th>\n",
       "      <td>0.072808</td>\n",
       "      <td>0.072731</td>\n",
       "      <td>0.076810</td>\n",
       "      <td>0.076147</td>\n",
       "      <td>0.074908</td>\n",
       "      <td>-0.034922</td>\n",
       "      <td>0.066773</td>\n",
       "      <td>0.052941</td>\n",
       "      <td>0.032734</td>\n",
       "      <td>0.501768</td>\n",
       "      <td>0.467020</td>\n",
       "      <td>0.240691</td>\n",
       "      <td>1.000000</td>\n",
       "      <td>0.026555</td>\n",
       "      <td>0.043489</td>\n",
       "      <td>0.370823</td>\n",
       "      <td>0.569612</td>\n",
       "      <td>-0.077025</td>\n",
       "    </tr>\n",
       "    <tr>\n",
       "      <th>atr10</th>\n",
       "      <td>0.677066</td>\n",
       "      <td>0.681197</td>\n",
       "      <td>0.671428</td>\n",
       "      <td>0.675821</td>\n",
       "      <td>0.675722</td>\n",
       "      <td>0.135816</td>\n",
       "      <td>0.695055</td>\n",
       "      <td>0.680403</td>\n",
       "      <td>0.686746</td>\n",
       "      <td>-0.038526</td>\n",
       "      <td>-0.068338</td>\n",
       "      <td>0.163818</td>\n",
       "      <td>0.026555</td>\n",
       "      <td>1.000000</td>\n",
       "      <td>0.927934</td>\n",
       "      <td>0.102796</td>\n",
       "      <td>0.122932</td>\n",
       "      <td>-0.363092</td>\n",
       "    </tr>\n",
       "    <tr>\n",
       "      <th>atr20</th>\n",
       "      <td>0.683730</td>\n",
       "      <td>0.687400</td>\n",
       "      <td>0.679202</td>\n",
       "      <td>0.682957</td>\n",
       "      <td>0.683029</td>\n",
       "      <td>0.108436</td>\n",
       "      <td>0.705416</td>\n",
       "      <td>0.686005</td>\n",
       "      <td>0.691788</td>\n",
       "      <td>-0.024601</td>\n",
       "      <td>-0.055218</td>\n",
       "      <td>0.166891</td>\n",
       "      <td>0.043489</td>\n",
       "      <td>0.927934</td>\n",
       "      <td>1.000000</td>\n",
       "      <td>0.110639</td>\n",
       "      <td>0.133533</td>\n",
       "      <td>-0.387848</td>\n",
       "    </tr>\n",
       "    <tr>\n",
       "      <th>bias6</th>\n",
       "      <td>0.148325</td>\n",
       "      <td>0.152141</td>\n",
       "      <td>0.157434</td>\n",
       "      <td>0.160374</td>\n",
       "      <td>0.158785</td>\n",
       "      <td>-0.044617</td>\n",
       "      <td>0.150306</td>\n",
       "      <td>0.118047</td>\n",
       "      <td>0.109707</td>\n",
       "      <td>0.587285</td>\n",
       "      <td>0.467490</td>\n",
       "      <td>0.168830</td>\n",
       "      <td>0.370823</td>\n",
       "      <td>0.102796</td>\n",
       "      <td>0.110639</td>\n",
       "      <td>1.000000</td>\n",
       "      <td>0.731461</td>\n",
       "      <td>-0.150241</td>\n",
       "    </tr>\n",
       "    <tr>\n",
       "      <th>bias10</th>\n",
       "      <td>0.198772</td>\n",
       "      <td>0.201532</td>\n",
       "      <td>0.206905</td>\n",
       "      <td>0.208899</td>\n",
       "      <td>0.206781</td>\n",
       "      <td>-0.050657</td>\n",
       "      <td>0.195780</td>\n",
       "      <td>0.170292</td>\n",
       "      <td>0.153100</td>\n",
       "      <td>0.683595</td>\n",
       "      <td>0.581562</td>\n",
       "      <td>0.285970</td>\n",
       "      <td>0.569612</td>\n",
       "      <td>0.122932</td>\n",
       "      <td>0.133533</td>\n",
       "      <td>0.731461</td>\n",
       "      <td>1.000000</td>\n",
       "      <td>-0.188097</td>\n",
       "    </tr>\n",
       "    <tr>\n",
       "      <th>tapi</th>\n",
       "      <td>-0.567929</td>\n",
       "      <td>-0.564473</td>\n",
       "      <td>-0.573856</td>\n",
       "      <td>-0.569827</td>\n",
       "      <td>-0.571228</td>\n",
       "      <td>0.454405</td>\n",
       "      <td>-0.542610</td>\n",
       "      <td>-0.563303</td>\n",
       "      <td>-0.559511</td>\n",
       "      <td>-0.125166</td>\n",
       "      <td>-0.147210</td>\n",
       "      <td>-0.337404</td>\n",
       "      <td>-0.077025</td>\n",
       "      <td>-0.363092</td>\n",
       "      <td>-0.387848</td>\n",
       "      <td>-0.150241</td>\n",
       "      <td>-0.188097</td>\n",
       "      <td>1.000000</td>\n",
       "    </tr>\n",
       "  </tbody>\n",
       "</table>\n",
       "</div>"
      ],
      "text/plain": [
       "               Open      High       Low     Close  Adj Close    Volume  \\\n",
       "Open       1.000000  0.986662  0.984108  0.976774   0.975138 -0.022540   \n",
       "High       0.986662  1.000000  0.983541  0.985054   0.982393 -0.018933   \n",
       "Low        0.984108  0.983541  1.000000  0.986561   0.983340 -0.028305   \n",
       "Close      0.976774  0.985054  0.986561  1.000000   0.992809 -0.024198   \n",
       "Adj Close  0.975138  0.982393  0.983340  0.992809   1.000000 -0.025649   \n",
       "Volume    -0.022540 -0.018933 -0.028305 -0.024198  -0.025649  1.000000   \n",
       "obv        0.887958  0.890055  0.889612  0.890942   0.887018 -0.004095   \n",
       "ma6        0.962956  0.963058  0.958016  0.957697   0.958131 -0.018518   \n",
       "ma10       0.948642  0.949097  0.944156  0.944226   0.945456 -0.015315   \n",
       "rsi6       0.084054  0.086285  0.092506  0.094253   0.091838 -0.080726   \n",
       "rsi10      0.095483  0.096833  0.103409  0.104209   0.101404 -0.104641   \n",
       "macd       0.367430  0.365805  0.369372  0.367235   0.364437 -0.104356   \n",
       "dif        0.072808  0.072731  0.076810  0.076147   0.074908 -0.034922   \n",
       "atr10      0.677066  0.681197  0.671428  0.675821   0.675722  0.135816   \n",
       "atr20      0.683730  0.687400  0.679202  0.682957   0.683029  0.108436   \n",
       "bias6      0.148325  0.152141  0.157434  0.160374   0.158785 -0.044617   \n",
       "bias10     0.198772  0.201532  0.206905  0.208899   0.206781 -0.050657   \n",
       "tapi      -0.567929 -0.564473 -0.573856 -0.569827  -0.571228  0.454405   \n",
       "\n",
       "                obv       ma6      ma10      rsi6     rsi10      macd  \\\n",
       "Open       0.887958  0.962956  0.948642  0.084054  0.095483  0.367430   \n",
       "High       0.890055  0.963058  0.949097  0.086285  0.096833  0.365805   \n",
       "Low        0.889612  0.958016  0.944156  0.092506  0.103409  0.369372   \n",
       "Close      0.890942  0.957697  0.944226  0.094253  0.104209  0.367235   \n",
       "Adj Close  0.887018  0.958131  0.945456  0.091838  0.101404  0.364437   \n",
       "Volume    -0.004095 -0.018518 -0.015315 -0.080726 -0.104641 -0.104356   \n",
       "obv        1.000000  0.883741  0.880150  0.080004  0.086868  0.347804   \n",
       "ma6        0.883741  1.000000  0.975349  0.058190  0.072641  0.363105   \n",
       "ma10       0.880150  0.975349  1.000000  0.042353  0.056116  0.349664   \n",
       "rsi6       0.080004  0.058190  0.042353  1.000000  0.824535  0.338756   \n",
       "rsi10      0.086868  0.072641  0.056116  0.824535  1.000000  0.464884   \n",
       "macd       0.347804  0.363105  0.349664  0.338756  0.464884  1.000000   \n",
       "dif        0.066773  0.052941  0.032734  0.501768  0.467020  0.240691   \n",
       "atr10      0.695055  0.680403  0.686746 -0.038526 -0.068338  0.163818   \n",
       "atr20      0.705416  0.686005  0.691788 -0.024601 -0.055218  0.166891   \n",
       "bias6      0.150306  0.118047  0.109707  0.587285  0.467490  0.168830   \n",
       "bias10     0.195780  0.170292  0.153100  0.683595  0.581562  0.285970   \n",
       "tapi      -0.542610 -0.563303 -0.559511 -0.125166 -0.147210 -0.337404   \n",
       "\n",
       "                dif     atr10     atr20     bias6    bias10      tapi  \n",
       "Open       0.072808  0.677066  0.683730  0.148325  0.198772 -0.567929  \n",
       "High       0.072731  0.681197  0.687400  0.152141  0.201532 -0.564473  \n",
       "Low        0.076810  0.671428  0.679202  0.157434  0.206905 -0.573856  \n",
       "Close      0.076147  0.675821  0.682957  0.160374  0.208899 -0.569827  \n",
       "Adj Close  0.074908  0.675722  0.683029  0.158785  0.206781 -0.571228  \n",
       "Volume    -0.034922  0.135816  0.108436 -0.044617 -0.050657  0.454405  \n",
       "obv        0.066773  0.695055  0.705416  0.150306  0.195780 -0.542610  \n",
       "ma6        0.052941  0.680403  0.686005  0.118047  0.170292 -0.563303  \n",
       "ma10       0.032734  0.686746  0.691788  0.109707  0.153100 -0.559511  \n",
       "rsi6       0.501768 -0.038526 -0.024601  0.587285  0.683595 -0.125166  \n",
       "rsi10      0.467020 -0.068338 -0.055218  0.467490  0.581562 -0.147210  \n",
       "macd       0.240691  0.163818  0.166891  0.168830  0.285970 -0.337404  \n",
       "dif        1.000000  0.026555  0.043489  0.370823  0.569612 -0.077025  \n",
       "atr10      0.026555  1.000000  0.927934  0.102796  0.122932 -0.363092  \n",
       "atr20      0.043489  0.927934  1.000000  0.110639  0.133533 -0.387848  \n",
       "bias6      0.370823  0.102796  0.110639  1.000000  0.731461 -0.150241  \n",
       "bias10     0.569612  0.122932  0.133533  0.731461  1.000000 -0.188097  \n",
       "tapi      -0.077025 -0.363092 -0.387848 -0.150241 -0.188097  1.000000  "
      ]
     },
     "execution_count": 39,
     "metadata": {},
     "output_type": "execute_result"
    }
   ],
   "source": [
    "corr_matrix"
   ]
  },
  {
   "cell_type": "code",
   "execution_count": 40,
   "id": "91698aa1-b3f9-4068-90bb-ce4f1848aa77",
   "metadata": {},
   "outputs": [],
   "source": [
    "import seaborn as sns\n",
    "import matplotlib.pyplot as plt"
   ]
  },
  {
   "cell_type": "code",
   "execution_count": 41,
   "id": "94aa968e-2592-4718-9144-e26c95b2adf2",
   "metadata": {},
   "outputs": [],
   "source": [
    "cmap = sns.diverging_palette(230, 20, as_cmap=True)"
   ]
  },
  {
   "cell_type": "code",
   "execution_count": 42,
   "id": "b04aab36-f871-427d-b493-8db6eab5d6c2",
   "metadata": {},
   "outputs": [
    {
     "data": {
      "text/plain": [
       "<AxesSubplot:>"
      ]
     },
     "execution_count": 42,
     "metadata": {},
     "output_type": "execute_result"
    },
    {
     "data": {
